BotanicGardenMap
-17 14 0
-17 13 0
-17 12 0
-17 -13 0
-17 -14 0
-17 -15 0
16 14 0
16 13 0
16 12 0
16 -5 0
16 -6 0
16 -7 0
BowKnuckleGunMap
-17 14 0
-17 13 0
-17 12 0
-17 -13 0
-17 -14 0
-17 -15 0
16 14 0
16 13 0
16 12 0
16 -13 0
16 -14 0
16 -15 0
BrickMap
-17 13 0
-17 12 0
-17 11 0
-17 -12 0
-17 -13 0
-17 -14 0
16 13 0
16 12 0
16 11 0
16 -12 0
16 -13 0
16 -14 0
CastleCurtainMap
-17 8 0
-17 7 0
-17 6 0
-17 -14 0
-17 -15 0
-17 -16 0
16 8 0
16 7 0
16 6 0
16 -14 0
16 -15 0
16 -16 0
CerberusMazeMap
-17 14 0
-17 13 0
-17 12 0
-17 -13 0
-17 -14 0
-17 -15 0
16 14 0
16 13 0
16 12 0
16 -13 0
16 -14 0
16 -15 0
DiagonalMazeMap
-17 14 0
-17 13 0
-17 12 0
-17 0 0
-17 -1 0
-17 -2 0
16 14 0
16 13 0
16 12 0
16 -13 0
16 -14 0
16 -15 0
DragonMazeMap
5 16 0
4 16 0
3 16 0
16 -13 0
16 -14 0
16 -15 0
-17 -5 0
-17 -6 0
-17 -7 0
16 2 0
16 1 0
16 0 0
FaceMap
-17 14 0
-17 13 0
-17 12 0
-17 -13 0
-17 -14 0
-17 -15 0
16 14 0
16 13 0
16 12 0
16 -13 0
16 -14 0
16 -15 0
GhostHouseMap
-17 14 0
-17 13 0
-17 12 0
-17 -14 0
-17 -15 0
-17 -16 0
16 14 0
16 13 0
16 12 0
16 -4 0
16 -5 0
16 -6 0
HourGlassMap
-17 14 0
-17 13 0
-17 12 0
-17 -13 0
-17 -14 0
-17 -15 0
16 14 0
16 13 0
16 12 0
16 -13 0
16 -14 0
16 -15 0
LabMap
-17 13 0
-17 12 0
-17 11 0
9 -17 0
8 -17 0
7 -17 0
-17 -13 0
-17 -14 0
-17 -15 0
16 13 0
16 12 0
16 11 0
LadderMap
-17 15 0
-17 14 0
-17 13 0
-17 -14 0
-17 -15 0
-17 -16 0
16 15 0
16 14 0
16 13 0
16 -14 0
16 -15 0
16 -16 0
LostVillageMap
-17 14 0
-17 13 0
-17 12 0
-17 -6 0
-17 -7 0
-17 -8 0
16 14 0
16 13 0
16 12 0
16 -6 0
16 -7 0
16 -8 0
MagicMap
-17 14 0
-17 13 0
-17 12 0
-17 -13 0
-17 -14 0
-17 -15 0
16 14 0
16 13 0
16 12 0
16 -13 0
16 -14 0
16 -15 0
MonaLisaMap
-17 12 0
-17 11 0
-17 10 0
-17 -13 0
-17 -14 0
-17 -15 0
16 12 0
16 11 0
16 10 0
16 -13 0
16 -14 0
16 -15 0
ObstacleMap
-17 14 0
-17 13 0
-17 12 0
-17 -13 0
-17 -14 0
-17 -15 0
16 14 0
16 13 0
16 12 0
16 -13 0
16 -14 0
16 -15 0
OnepointlossMap
-17 14 0
-17 13 0
-17 12 0
-17 -13 0
-17 -14 0
-17 -15 0
16 14 0
16 13 0
16 12 0
16 -13 0
16 -14 0
16 -15 0
OrbisMap
-17 14 0
-17 13 0
-17 12 0
-17 -9 0
-17 -10 0
-17 -11 0
16 14 0
16 13 0
16 12 0
16 -9 0
16 -10 0
16 -11 0
PipeMap
-17 14 0
-17 13 0
-17 12 0
-17 -10 0
-17 -11 0
-17 -12 0
16 11 0
16 10 0
16 9 0
4 -17 0
5 -17 0
6 -17 0
QuasarMap
1 16 0
0 16 0
-1 16 0
1 -17 0
0 -17 0
-1 -17 0
-17 0 0
-17 -1 0
-17 -2 0
16 0 0
16 -1 0
16 -2 0
SimpleMazeMap
-17 14 0
-17 13 0
-17 12 0
-17 -14 0
-17 -15 0
-17 -16 0
-17 0 0
-17 -1 0
-17 -2 0
16 14 0
16 13 0
16 12 0
SlopeMap
-17 14 0
-17 13 0
-17 12 0
-17 -13 0
-17 -14 0
-17 -15 0
16 14 0
16 13 0
16 12 0
16 -13 0
16 -14 0
16 -15 0
SwitchMap
-17 14 0
-17 13 0
-17 12 0
-17 -13 0
-17 -14 0
-17 -15 0
16 14 0
16 13 0
16 12 0
16 -13 0
16 -14 0
16 -15 0
SwordMaceAxShieldMap
-17 14 0
-17 13 0
-17 12 0
-17 -14 0
-17 -15 0
-17 -16 0
16 14 0
16 13 0
16 12 0
16 -11 0
16 -12 0
16 -13 0
TransparentStairsMap
-17 14 0
-17 13 0
-17 12 0
-17 -1 0
-17 -2 0
-17 -3 0
16 14 0
16 13 0
16 12 0
16 -13 0
16 -14 0
16 -15 0
TreasureBoxMap
-17 14 0
-17 13 0
-17 12 0
-17 -13 0
-17 -14 0
-17 -15 0
16 14 0
16 13 0
16 12 0
16 -13 0
16 -14 0
16 -15 0
TyphoonMap
-17 14 0
-17 13 0
-17 12 0
-17 -13 0
-17 -14 0
-17 -15 0
16 14 0
16 13 0
16 12 0
16 -13 0
16 -14 0
16 -15 0
VerticalMaze2Map
-17 14 0
-17 13 0
-17 12 0
-17 -13 0
-17 -14 0
-17 -15 0
16 4 0
16 3 0
16 2 0
16 -4 0
16 -5 0
16 -6 0
VerticalMaze3Map
-17 14 0
-17 13 0
-17 12 0
-17 -13 0
-17 -14 0
-17 -15 0
16 14 0
16 13 0
16 12 0
16 -13 0
16 -14 0
16 -15 0
VerticalMazeMap
14 16 0
13 16 0
12 16 0
-3 -17 0
-4 -17 0
-5 -17 0
-17 14 0
-17 13 0
-17 12 0
16 -6 0
16 -7 0
16 -8 0